Alpha_wing = [-18
    -15.75
-15.5
-15.25
-15
-14.75
-14.5
-14.25
-14
-13.75
-13.5
-13.25
-13
-12.75
-12.5
-12.25
-12
-11.75
-11.5
-11.25
-11
-10.75
-10.5
-10.25
-10
-9.75
-9.5
-9.25
-9
-8.75
-8.5
-8.25
-8
-7.75
-7.5
-7.25
-7
-6.75
-6.5
-6.25
-6
-5.75
-5.5
-5.25
-5
-4.75
-4.5
-4.25
-4
-3.75
-3.5
-3.25
-3
-2.75
-2.5
-2.25
-2
-1.75
-1.5
-1.25
-1
-0.75
-0.5
-0.25
0
0.25
0.5
0.75
1
1.25
1.5
1.75
2
2.25
2.5
2.75
3
3.25
3.5
3.75
4
4.25
4.5
4.75
5
5.25
5.5
5.75
6
6.25
6.5
6.75
7
7.25
7.5
7.75
8
8.25
8.5
8.75
9
9.25
9.5
9.75
10
10.25
10.5
10.75
11
11.25
11.5
11.75
12
12.25
12.5
12.75
13
13.25
13.5
13.75
14
14.25
14.5
14.75
15
15.25
15.5
15.75
16
16.25
];

Cl_wing =0.08125*Alpha_wing + 0.8994;
Cd_wing = 4.021e-06*Alpha_wing.^(4) + 6.66e-05*Alpha_wing.^(3) + 0.0006247*Alpha_wing.^(2) + 0.00708*Alpha_wing + 0.0427;
Cm_wing = -0.01957*Alpha_wing + -0.2981;


Alpha_Htail = [-15
    -8.5
-8
-7.5
-7
-6.5
-6
-5.5
-5
-3.5
-2.5
-2
-1.5
-1
-0.5
0
0.5
1
2
2.5
3
3.5
4
15
];

Cl_Htail =0.09286*Alpha_Htail + 0.006353;
Cd_Htail = 5.363e-06*Alpha_Htail.^(5) + 5.592e-05*Alpha_Htail.^(4) +  - 0.0001699*Alpha_Htail.^(3) +  -0.0008279*Alpha_Htail.^(2) + 0.0009676*Alpha_Htail + 0.01045;
Cm_Htail = [0.0277
    0.035
0.0298
0.0175
0.0062
0
-0.0021
-0.0016
0.0004
0.0078
0.0037
0.003
0.0023
0.0016
0.0008
0
-0.0008
-0.0016
-0.003
-0.0037
-0.0034
-0.0078
-0.0061
-0.0289
];

%for droptank
Alpha_droptank = [90
    60
    45
30
15
10
5
3
0
-3
-5
-10
-15
-30
-45
-60
-90
];
Cl_droptank = [0.000
    7.055
    7.780
5.648
2.306
1.264
0.450
0.118
0.000
-0.221
-0.450
-1.267
-2.304
-5.636
-7.780
-7.055
0.000
];
Cd_droptank = [11.350
    10.369
    7.403
3.259
0.745
0.372
0.196
0.090
0.158
0.169
0.196
0.373
0.745
3.250
7.403
10.369
11.350
];
Cm_droptank = [2.807
    2.546
    2.079
0.983
0.151
-0.002
-0.062
-0.028
0.000
0.053
0.062
0.001
-0.151
-0.978
-2.079
-2.546
-2.807
];
